1000
92478609
68663067
67532004
144157775
148334071
27486599
134208752
292200728
475417884
272845136
340644913
75602474
29451437
455078925
144765963
621087586
214115107
227847739
318692220
94464370
601958027
490154336
111442021
841706073
216104353
15798444
752861744
406529890
89795062
109715734
544029619
250563712
305476541
40327109
143719400
28435692
841245940
305886744
231257375
353584201
185781173
505731043
233121377
157181802
508063933
10901747
80413648
274126926
3872078
394074522
33811912
164153501
59221777
212076079
258307014
13114997
190587006
25337339
227512586
402727658
363154185
285720475
490597911
177820580
309300930
499108126
265347310
46887518
28662486
390580743
341437317
555453542
310583781
120681379
133065173
572329473
2584273
21785330
264031714
668778234
102272562
494913760
8821273
115261340
102042764
347767886
170979539
19711772
338963981
781491322
42994028
120181060
304159165
210466637
456163078
249011
552082892
180684386
23763091
759565181
57798115
100453192
199100333
163552110
480203148
227076366
549275853
437951728
354215977
582500260
39272980
26230413
40881079
589887952
266350004
25156905
26015167
419432961
354046135
110386985
131920672
437975495
649608413
46880374
786720567
178322587
13189945
27089633
496552594
518549829
36582485
110115343
64343694
44155872
777569770
71364682
285378200
349348538
36131166
143593581
675447
4259330
342764213
756306330
483667498
409533880
892451965
277740002
3977814
32792682
451439738
536572624
564806665
82239647
207502303
80464266
188716337
139399963
920889500
159851341
596700548
65817421
83133485
638009182
283951126
293439305
250809912
154012778
330736873
74398153
782510949
519030655
513043026
58963276
601315219
206382908
240555897
220487467
29680633
118881619
25125849
172974965
9348825
128703129
685348169
12874776
514418340
275439282
618050169
18744366
171914177
103751695
183631240
112254639
395238584
41284978
517161499
542199526
621959853
106101280
48124937
92793750
372991441
619828811
759033534
366572595
462867359
297338004
386741099
65729113
28696252
193990948
150989778
487793279
108788675
128570244
214756770
162192276
47273576
877570793
376714141
31000545
815002854
111631148
1541863
348268288
403225624
14734893
424349495
478447141
17636056
434954704
51647303
349241159
141215985
187332091
48017504
189748836
361396521
867864162
63947744
6509297
4940849
242488693
109378041
79698065
348327032
561790600
423445867
1171584
559207604
528283069
1932694
81986835
408523740
174114769
388514653
529472021
320036076
290332351
75875486
462303317
223439224
767841
692109743
154106774
478959512
581775358
861170513
352745176
91957020
260641634
65230061
98337234
629230528
432939281
155976042
132435404
781627320
743425218
629241968
99008263
826579584
527434952
31242478
77528989
162720419
112695451
27757542
12495005
441726371
333274028
241835274
344636087
585865068
292805732
772353515
145081263
134330647
22635424
559283186
320764700
299325054
2163350
440536214
9788244
170861297
204655705
95403514
783941499
903705055
366119827
16552644
222951524
738276147
194764784
14781943
474859744
237524772
538606003
19993686
88994413
75546891
40704799
454982819
428966777
211899671
18343567
182215555
318335209
945718394
228179464
297774766
654168918
335081041
10817864
21905156
784638736
31143238
478782702
403647060
44432575
87965872
662212498
520319031
748477162
25929422
468017020
325857795
61218955
201272668
208116940
229663315
555315234
270147195
30155514
212918112
987400478
137576464
86631977
166268160
409441770
303779290
624234353
185094302
56617788
246951753
227253099
214238584
568795532
44453243
226406397
462821942
214354316
463087358
88392584
532942704
32200684
132596464
117001996
72738627
315477934
47524201
788046456
75207909
20594701
149107121
151458540
238484099
268976384
429820962
579453988
58645157
178233506
388877328
172090512
41362779
744674501
99242849
146973308
168290305
22931675
122492302
157288039
607393804
709621182
157842053
36710745
78405270
212350191
619579519
40443656
59539254
137570102
391175225
148057417
500053148
48083717
211293780
446213686
507866233
1019547287
125292864
3850014
648829758
90236130
129129229
184982711
571613126
55037872
9274735
527363700
276912402
355969946
160519738
36199793
103048099
701204951
118273010
207953170
125327779
83957033
162481063
36873357
25952198
587802011
878160733
7499884
47852176
679623004
40759729
668893023
69082333
374974755
732860957
190168280
991853505
619224579
229371491
242977288
83899018
93166301
242918047
280018159
188518912
78370947
170996611
238646957
227387209
386176447
259758247
144914877
428450454
113706684
140329798
701276645
26395178
18963250
230623454
30203876
188349744
2378104
298160618
317852416
228841813
577204290
640981969
541336278
962891370
830767093
836349913
3749729
271794352
82858160
148523001
422276278
607131956
154592751
143263607
116050119
22618866
613677817
589884252
514820886
484749434
2315944
10806024
379249
309184318
839747540
605380253
296391766
492783308
712377246
372595368
675688140
143619482
759768423
50849127
761456254
473897739
108458047
348020612
317212083
265503732
57539175
268960060
562900628
72050912
500602874
68232727
126889247
555120336
393598551
315325700
20769355
484254539
179049613
500495752
184139392
430031784
274896532
75227095
178584245
148415200
112369621
173715101
656514593
520029644
149959437
183771577
398200605
579035604
109106816
594609705
418868237
42142922
132223635
52097841
682516751
121684046
282862409
22173742
142232351
238951654
44289359
4249996
2744558
651308586
73135499
141879386
125630551
271689640
19902433
7168108
482306694
202489360
53557041
90922597
139335537
71158342
257682062
184880056
286851051
131906589
85882072
298421479
495696981
1400513
568285541
17380832
12666422
303365865
586361951
331978000
138662799
8064356
380400767
27292026
390442432
176674221
373998217
239271730
352815510
748415212
229222089
11393693
517161450
222668626
428013392
257518782
28393947
166696185
391240957
4926568
166941728
346524312
521121042
120165203
357902056
35111035
440876359
444000188
1195569
741748021
656731583
563262360
153891977
770934045
38194615
4575058
440178278
90421736
527900094
30407336
323693334
229496762
66079867
23112724
81640758
84049421
352120523
28688209
149449624
963675232
80737486
9042508
10490980
627831235
205478405
7660476
286251296
557385736
67634791
552258882
234909204
102187932
306233191
484999407
294262161
23813307
739303305
79687798
158849074
251690154
188583929
110036650
28697512
143164656
184196240
388091451
246917818
92624899
157689468
346114283
13693491
368058503
230480998
793269766
247838204
258679023
146957807
623320034
971708
647548750
184410443
102172990
234627488
90528563
205156435
384836125
185827134
221079104
15138333
205561087
42902256
142111372
141311733
134780643
473533632
288792479
159966080
301083706
530150475
37563435
169903022
27540175
569308736
293697900
61495319
97701096
498569729
133190417
319668044
327011805
361958459
104855055
360939331
36572702
251910886
77220111
56991260
638815829
37793830
260793666
176906712
36547667
225499617
272153906
358272488
474956485
31337161
548568539
104651772
45494543
347218751
7071424
341217942
150506707
17731074
342794623
452879161
62366898
401252820
565135252
895501630
266142521
59793768
868133500
215597801
522451887
199049173
259168269
62754885
139469822
211215397
618044302
28678018
237685834
592969683
12970772
27371457
48434007
295134526
82240751
643308250
799965958
338235111
69536403
585362317
69951464
771163103
520060721
4122721
34991927
17768164
113493191
630872996
69427457
13883692
33842194
595637859
365176698
131799291
377681669
597164411
511956891
82469356
87292378
202697511
63819211
465822494
690563678
468716257
215183268
307703094
218238667
12458878
46620094
70414260
187782144
44579613
16640185
228297789
693435123
25969040
139805542
90165954
40944456
577318920
223602950
294754890
162862179
400720932
423230806
93655680
138726511
14827638
589331340
280757142
115314550
569349514
552176
225840337
86838966
448565400
29320025
75292415
211162746
379824213
389344737
412636898
378664227
351778487
197277317
7600847
47224030
322407684
88389035
11500001
212653747
785693955
54910308
267322486
19244636
487553668
278186715
431107415
136035602
256789258
14848458
284426324
73941718
304340783
248272999
74494392
249231283
11096227
89302854
79010531
233664677
56896195
163818334
59879148
113653219
830570708
140925763
444735156
35164020
106764111
4060602
546191356
268492216
755908924
41395863
534915168
447567350
523880152
141823687
280516451
318491017
341724782
5048890
22112445
847552809
90499258
150577256
134949608
1606161
35526917
374078655
18201541
350394204
314251626
457730799
232751214
86818588
15196652
324207849
62422937
570843250
68457955
173752444
487533069
32782281
270714962
14099045
309636279
427799576
124635014
226823704
17599564
150235311
21734376
269416009
408321338
302928480
1127649
377747475
174486431
291941695
256109835
176161840
15571622
121337576
27277509
243408513
284899256
39728375
25174292
260938701
185134301
71357274
671735585
154656413
44788812
116390686
528308770
53744559
62625895
245317921
281773699
108810436
302539438
31975747
37320851
969939521
120864692
840170721
371983786
12067590
588854427
354202789
145720182
165841310
210488191
564076575
81580482
6958644
213063950
518218132
7353610
330937611
469461812
211012423
618687615
146190532
765765146
44994409
220158497
609820498
14346377
292004443
796150128
282253282
891290062
813621596
302349074
906995794
132114193
23501246
442988888
28129172
92245323
10448132
103822555
569189538
6029578
386321606
783000514
911906402
28060687
176101538
903900210
41957646
167646443
258606694
95649428
37390006
17072111
